386
5896
9174
7698
3988
616
8938
1223
2065
1431
1835
6826
1027
5684
4492
5141
1163
2251
1053
1934
6152
9504
6883
1542
1264
113
545
7052
4022
794
2466
1595
2933
7200
9141
8748
3758
887
2718
560
7976
2448
5080
8943
501
802
1023
4896
6062
7114
2049
2031
3235
2786
210
6906
4485
5398
9270
3880
7241
187
813
3821
765
4575
9131
7464
5931
3825
5903
2420
2014
262
1088
5478
180
4206
6890
5067
865
3548
9497
6972
7213
3220
3987
4195
4028
851
415
6942
1012
4049
236
2247
8830
979
3760
481
5714
5246
8891
1444
8991
5137
5145
4591
6752
2798
1240
4251
5804
1877
4520
1670
8487
3257
8557
229
1392
6822
6010
4140
1407
939
4250
6074
145
7192
996
3214
933
9030
3418
5873
9094
408
2437
1792
1080
697
2216
4344
8579
3849
406
1708
1921
6819
7900
1068
6894
237
416
13
2985
6136
3066
5282
3026
9057
7549
1426
5293
5049
8723
193
9201
3424
654
1104
2834
7344
3454
7420
494
2778
5446
1189
6931
8547
1823
585
8525
6927
9425
4007
2833
1090
6533
5120
5122
2603
1461
1982
1848
9045
7101
1678
7398
5700
7413
3086
6294
3765
8541
6025
5806
991
6040
6122
9331
3715
1650
5964
9196
2953
7494
3267
7311
3879
8966
2855
1591
4168
8814
268
5667
1018
1561
1939
2702
1788
8980
8857
8668
7335
1908
3495
5685
4184
322
8090
7452
225
9317
9465
8528
2723
6229
6178
643
7463
5119
7197
1010
1548
2730
3854
4060
5026
3056
503
7109
6029
2946
5949
588
923
1752
4356
8840
8947
7164
5117
4636
4253
8514
254
4233
1487
1074
361
5125
7256
2975
5680
7389
9142
9413
2669
7327
6002
2016
739
5087
1541
461
997
3892
2809
3817
1077
549
1248
1703
7035
2281
1467
3178
308
1556
3785
5461
4844
8632
3806
6063
4213
5124
6804
1300
5493
5512
1822
7889
662
7147
7086
1616
46
6973
3664
9079
8488
4965
679
2227
3436
4200
4068
1705
1415
2914
4625
3545
6455
2112
6186
908
4513
932
7266
5687
2873
2789
5918
7548
3660
3300
4947
2355
3393
6857
2740
2983
2881
2473
6559
1555
1032
6982
4221
7133
1961
885
4528
231
6039
1180
4713
1434
2302
4782
2742
7279
3333
2249
1004
2943
3328
1622
8578
4248
1126
5138
2835
3604
3736
8228
4480
4718
359
7525
2494
1471
5766
4172
2772
920
9269
3872
1638
2849
4305
1808
3536
2734
1870
1359
9058
4603
9349
3795
7103
6335
4293
1981
4940
4370
3665
3385
9418
7068
1243
983
5829
6285
418
5871
663
5441
2966
707
1158
7237
3635
154
351
8088
7435
922
2747
4304
1014
1328
1610
2928
371
5608
2035
1419
7345
3316
1744
9009
3509
5651
2712
1470
3748
341
6041
2934
7566
1863
4169
6886
3202
2429
8440
1313
6052
1462
4944
6773
9258
219
5741
8825
3587
1312
8833
5121
2525
5088
3672
331
4553
9268
1408
3859
8660
7524
1965
8131
4350
5352
1335
5788
7433
3284
42
1786
6998
8880
7093
1333
1395
6842
2867
706
8306
3038
624
6941
3727
1363
6145
1508
630
4946
9144
976
7488
7412
9187
2836
1093
2627
4147
1820
3507
700
3021
6807
3842
3088
4514
4141
544
1128
2512
4954
1629
6031
973
7079
1973
499
950
6947
1885
5077
244
7540
6214
2920
8818
4539
3321
316
2674
7310
3450
3150
4885
5501
6877
4441
8892
1114
5802
9167
2801
8729
7462
5861
2615
1803
9152
5794
4457
7364
6934
541
3228
6955
3428
3024
8445
574
563
9468
3796
2265
4981
800
4602
5134
34
5625
3942
4384
5123
4796
4298
8954
1370
9020
1951
9190
5953
23
4617
591
6544
1417
5628
7037
8085
5657
4434
5880
4106
4225
897
7975
4228
3212
2838
1924
691
6960
3280
5169
6081
5356
3645
721
374
7137
2733
9338
5606
7424
3403
5630
3679
8455
7672
850
1519
4063
5919
3015
2853
3047
7189
7804
4115
1588
6800
2246
8583
1952
9097
4471
4758
7373
3468
9116
3012
1493
6036
9192
5930
487
5859
3581
6160
4179
9521
7294
3082
3779
3276
3936
3045
7461
7972
1005
5055
5939
2751
2961
2041
1425
4167
9216
4573
7159
7365
3040
2941
1259
5194
2925
6940
1267
1275
3589
7060
5379
5909
3402
7970
1289
9096
8472
3767
2898
4827
6953
2848
6799
1675
1753
6149
673
7535
5558
3046
4222
3661
1959
4193
2773
5490
8839
7339
9298
8546
2085
9073
9462
8531
7550
2493
5580
3911
3970
5440
4870
2749
5037
4906
1100
5728
3641
8461
8820
3697
7028
5854
7472
5424
8545
7186
3379
1222
2707
8950
507
612
796
6235
7473
5593
7183
4404
43
2743
5209
5739
3901
1490
4510
1488
3211
4088
3981
3912
1115
276
7073
7308
9035
1285
4687
1534
2816
2590
3857
3985
661
5797
4051
2626
829
2918
623
3807
1795
5778
8819
7129
8824
2365
4055
6815
4793
8899
5857
7814
7515
3822
3078
8997
3811
6980
2822
5139
7811
2453
5725
4479
4717
7071
6721
7045
2856
8267
6486
6261
9005
9494
6515
992
6090
4951
3179
377
7439
1874
4082
6159
6059
592
321
7146
4246
1998
1701
1656
2938
6038
1589
8826
809
8823
1029
252
1298
9114
7257
1274
434
7274
1413
5830
3022
1525
791
2769
9385
1728
4056
5530
6969
7246
2996
6691
5574
8146
4046
9015
9472
9077
5056
293
690
1171
7329
8861
1770
9107
6614
2787
1155
2548
790
5976
4174
7221
577
8196
7260
8872
787
1465
7797
2844
3885
6480
1282
1344
8433
3649
3037
9109
9003
3763
3427
6948
4268
7010
1185
2939
4387
3751
3813
3091
4752
6301
4334
8640
2800
719
3419
695
1485
340
8962
2906
4178
7105
6113
708
4037
2663
3663
5874
6548
6896
1970
9259
6111
7207
1997
3060
12
895
3923
6817
7440
5710
4530
1568
6088
6116
7262
2731
803
2708
2260
7570
4891
4279
2874
6273
1364
2005
3431
5309
4973
4090
3848
3107
3614
1448
2705
3924
3243
7650
2948
9339
5839
2765
8994
9176
7034
1697
860
1809
3102
4597
4563
2200
469
9500
7096
6879
5831
8381
2300
3574
2040
5906
9102
8360
4478
3058
5235
7299
8582
1156
1035
1497
7231
2725
1164
1743
289
5636
3020
5808
989
1757
5807
7340
2865
4515
3185
3025
2237
631
4074
1811
547
3890
1950
7293
8871
8154
6944
5934
801
8058
6868
1290
202
5650
81
7295
3639
7384
535
5515
6956
4128
3208
4443
5098
67
84
2565
8865
4769
8233
8988
449
581
173
6878
3959
750
4101
6079
9110
8006
2334
9001
74
5729
118
2367
8855
1221
7053
3559
4089
2951
5191
9222
3005
370
6219
4124
1314
7276
4413
5787
2868
2846
2275
1853
3897
1130
7522
6937
3139
4474
8932
7263
8933
1637
2788
4045
6043
1456
7244
2802
4650
3787
8460
9214
2727
7474
896
6792
6926
5393
2854
2673
3704
1976
9178
7425
7323
8879
7731
7369
7513
7330
3698
4545
1758
1124
5927
578
8682
3231
2960
9206
5397
3070
3603
508
437
6125
3318
4342
8086
1480
2657
6053
4582
4276
1778
6750
3864
7281
4649
1812
7067
3752
6936
4185
2814
4079
348
1096
2783
7117
7932
9154
4286
9007
1514
2461
248
149
2818
1960
4754
4127
6328
5455
6990
9475
3286
5639
727
6170
6092
7692
7449
2092
1157
158
3996
3598
3563
539
1201
5031
7397
1607
133
3846
2589
6072
1987
6172
8222
2965
3852
2927
2784
2912
7778
3546
4152
5189
7401
8180
7432
3000
2924
1579
1385
8035
3097
4656
7288
4010
4794
3606
808
554
3938
2442
295
2963
2432
3613
540
3134
3113
8975
5570
5207
4773
1204
1209
7380
3248
1857
6889
2909
584
9085
2803
8071
2119
3099
2484
6763
6917
2243
3930
7635
9506
955
1871
5820
1547
5477
7546
3815
7392
3071
4517
1559
3666
3271
9414
9291
1276
3874
3578
4549
2755
7126
1849
5340
8989
5852
4020
1015
532
8020
5913
6099
5774
8179
834
2821
6649
7087
3856
5036
7557
3309
6770
3044
488
841
4932
3887
8637
7301
260
9447
116
3832
5869
3073
7447
3535
7457
6855
7434
131
9264
6921
504
4133
8482
6047
1305
9314
8937
7038
5022
1886
5789
7148
1583
1673
1020
5464
930
1295
1016
7501
2830
2449
534
2913
3093
9043
1618
7225
6991
220
3147
4062
3519
9294
5473
3249
1079
3114
9169
4797
4269
1040
622
2911
5840
3177
9146
7441
167
6897
7394
7336
8922
411
3876
3213
3074
3657
3599
1948
4129
3963
6938
1499
2635
6054
5535
6045
4069
8673
1169
4648
3984
1768
6787
3112
7410
2698
258
6082
3084
4071
8189
5649
2984
3875
3338
4021
3922
1442
7395
1619
8477
3483
3934
8792
817
4066
3951
5601
627
5142
8959
4061
1526
7098
680
3414
432
6075
3090
6078
1362
6864
4347
728
7545
8462
1453
7139
8192
903
9262
6046
783
8
3590
505
3980
2824
1596
8987
7155
5155
3682
3646
7388
2006
1702
8843
746
3467
1927
2598
8986
1503
9343
583
3429
273
8538
5590
5437
3836
1603
5676
5330
4666
3442
1715
4311
5622
7512
7342
873
1357
529
5254
778
5713
378
4697
1513
846
3448
4629
247
4500
7415
185
605
2882
3412
344
9412
2263
5109
1262
2950
3726
4117
4551
2724
9469
8256
1537
1336
4778
1468
4897
3330
2812
4338
1957
3218
954
3577
3799
5525
5394
3824
1774
5566
7006
7332
2746
5841
7265
3830
2852
5159
3873
7379
1733
2891
372
4558
5378
8945
3571
4768
8876
2861
1881
576
3307
7326
7393
442
978
4836
1760
7588
7922
3244
2936
5691
2886
9209
304
7082
4908
3204
8561
6204
8533
3504
7297
2750
1308
7321
3389
6810
3270
5105
7832
3845
4013
7750
4264
798
737
3741
4976
2900
414
8016
498
206
599
5433
709
1748
6827
5043
2839
4014
2931
3098
5497
9492
2840
3675
5467
4914
3010
7468
7044
3792
3612
5228
1435
420
6720
7031
3463
4380
5842
3163
1235
2969
7505
3295
9140
7056
5040
9136
3947
2519
4091
6104
3420
5656
9062
943
4005
7304
223
788
506
2212
2611
4374
6168
7682
4572
713
1570
7084
181
1041
5078
7269
3363
6278
8856
7039
7450
5799
3194
4081
1636
4967
3101
995
9151
7008
5038
2738
6882
7232
1953
564
3195
8756
3670
6003
2375
8313
2815
857
6593
3812
7046
5666
8967
2872
8760
2921
4509
2955
3364
197
2771
2978
3706
2704
646
6164
3731
4265
9013
4567
4100
9024
7141
921
4910
1199
3055
179
1345
1482
143
7534
4108
8951
1372
2703
8905
8108
3926
3118
8844
7526
8052
5846
7070
2896
3224
3460
1002
5524
1181
285
7182
2607
766
3164
5992
7381
4354
1864
5847
9310
6271
2883
9162
3843
3921
2792
5007
5347
6245
8858
3756
8641
7572
6306
736
8710
3117
4023
1260
8145
852
1206
5065
4076
6895
600
5828
5085
3965
2775
1228
6964
3844
6068
1113
3017
1509
4230
5898
5915
148
1441
975
6071
5502
2125
9194
1574
792
6393
7460
2621
1193
8921
9126
8944
1194
2942
384
7253
4825
3032
4165
7521
2465
4942
4085
306
388
8509
1586
1502
7317
7115
5776
6764
658
7233
4814
4300
3041
4831
7277
4519
6853
914
2850
8424
959
4114
1538
1277
6077
4318
6849
893
7132
6014
3513
1796
209
3522
8508
4431
2968
7591
2797
845
354
6060
5081
2716
6875
502
7737
2971
2857
404
2424
1098
7448
7358
878
6888
4054
3229
3644
9160
2579
4366
1190
6098
2135
7423
8470
7489
4220
1071
7371
2010
7403
5099
4936
1501
941
1066
9124
318
9133
6838
3181
5932
1506
1962
7296
1804
1693
5158
1663
828
6183
4595
6963
2993
8998
898
7459
4630
5721
9067
4705
8626
4288
617
7482
3537
5092
1906
990
8506
1205
1954
8889
4032
3895
6988
3840
4112
4287
6096
2726
5933
2219
410
1718
3189
8897
8107
3636
6291
7254
366
6863
1447
5448
3829
7024
7261
5941
632
1332
8463
4621
2937
847
6223
5115
6749
5984
513
1060
4044
1455
1562
6775
2288
6069
5694
5705
811
8195
597
5492
5967
2897
3550
1917
6870
1428
3582
1011
655
3514
1543
8928
5780
7009
635
8828
2745
2457
4760
1505
7746
3648
7313
4086
9240
6628
1134
744
2468
3239
1963
2683
551
4154
4638
3992
7456
2986
3411
2929
671
3154
4598
5646
1028
6881
4689
5612
7136
3126
7267
251
1272
2810
704
8958
1699
609
1552
6012
3786
3737
4272
3667
3891
3106
5527
9280
2350
3828
8519
275
4868
641
1058
4566
7211
6856
3230
4960
810
2820
4098
1615
1668
8685
3637
405
1536
6754
5955
2406
1732
7023
2794
8898
5248
290
5096
6000
8309
4042
3740
999
1268
249
6791
6018
6191
5061
1980
1061
3115
3745
3173
474
3142
243
8822
7122
7177
4481
7229
5002
6837
5265
7604
3634
4102
4449
6923
4397
5582
844
4438
1522
9066
9301
9031
2042
3251
423
3735
6109
3835
4353
7686
6410
1829
7247
267
3136
2250
2832
3716
465
4720
7346
7334
3512
7185
2954
320
5045
6887
5855
4391
261
3397
2916
2700
745
993
8280
7684
4966
2805
3990
3435
3655
7138
463
1787
3725
363
6830
7510
2894
8190
3966
396
839
2785
5032
7224
1212
390
7130
6751
1771
324
5544
5853
7443
4765
8894
2011
6922
9047
3488
1865
1287
6959
4586
7230
242
230
103
3162
1590
1836
816
3738
9516
5295
184
3616
2994
4682
265
1483
2189
3063
4920
2807
1764
1911
3583
2034
7142
7437
1284
1445
303
3831
717
1584
9505
4105
8970
692
6282
3322
9087
3808
793
1814
6146
6910
2283
8915
1416
8910
3724
2761
3319
2004
8595
1046
1439
4994
1346
1810
6247
250
1341
7110
375
475
7506
6395
8791
2628
447
1207
2799
3976
1891
716
5595
3223
2686
8275
7910
2515
3744
2970
696
9495
7532
3962
5860
9000
1679
9165
572
3360
7042
8990
5782
1682
3915
3258
596
510
5103
9060
1281
1092
1393
3642
2606
6650
7149
7250
7090
1293
7201
1755
6839
5724
779
3281
1084
7485
3062
1601
1449
136
7291
3006
944
6780
9508
8607
7089
9053
326
2572
9482
5422
659
7528
1683
8552
5682
4275
4217
8869
4992
8665
4171
7184
4961
3371
102
3871
2826
1956
1427
8870
772
2841
8589
3304
1019
5889
2923
642
7283
402
3610
4840
1833
5118
5708
4547
3659
1824
764
734
2739
2991
9100
4144
123
550
4058
1377
1280
3681
4197
1766
5863
1025
9036
1315
8241
1815
7290
1311
5995
9205
1592
9518
5012
9016
1737
5803
3916
2892
2462
7249
9459
8850
8842
6375
3688
1657
3794
5935
3525
7278
479
5757
3877
1109
3622
3030
5288
4201
6903
889
7091
1292
4183
2762
7169
1925
864
9189
6290
2022
1880
4425
335
608
4320
6243
4039
861
3714
7480
1546
3422
7483
2721
2533
1750
1033
1253
476
4283
9010
5966
7151
8961
3793
8995
6352
417
858
8914
1365
1371
645
4498
580
7416
6505
7426
5229
6035
684
433
8940
4635
3456
2332
5979
1698
2781
7066
3850
2253
3774
2748
1664
4149
1535
3382
2904
1131
7781
7378
8977
6841
6629
2910
4041
1955
5520
2890
7533
8904
537
5815
8984
1628
4261
1993
2889
7556
8606
3439
6202
2728
5982
735
6151
4267
3348
4727
3868
593
6315
1527
440
4355
3882
3629
228
9274
4433
6323
6246
4470
5583
7551
8996
6798
8963
6803
2056
5695
1170
3707
297
7544
2767
7174
1353
3479
2682
7166
5165
3790
7245
3400
1842
5805
9285
2416
7430
3710
3043
3350
6892
8918
2551
3732
9022
7352
3972
7527
3332
2280
2710
4809
3391
9467
8913
4364
421
6809
1635
3919
3543
1777
1582
7538
7170
5569
95
894
4589
1089
9166
7319
7113
1414
8688
3621
1843
6359
1846
1367
4180
2903
178
2714
192
287
5586
912
126
7080
2757
7218
6208
5623
7318
2871
8492
2915
299
1120
5083
625
8498
2999
7725
3826
9275
1862
2976
2713
7643
4309
6880
7458
8761
677
6779
2131
5069
586
965
900
7216
7106
7387
7280
1496
151
3175
7111
1236
3065
9251
971
3999
1057
4394
8849
1081
960
5187
8344
409
1830
2458
4658
1423
3499
4684
3305
7287
7104
5908
2860
1520
4192
7419
8486
573
4757
5887
1065
5577
3008
7936
5094
3853
6802
6946
1188
5989
7471
1078
3183
9052
5809
7493
5963
2828
2944
3493
7509
1261
5793
6958
119
1323
7100
6218
7305
9041
3900
4693
4381
1140
1604
985
5866
4313
6786
9008
5917
3298
2819
4576
4728
3762
362
517
4245
8832
2768
9486
9424
610
5773
5143
5370
5938
7271
5744
3561
4876
7490
9478
4176
3753
2995
3866
3927
3198
1054
656
1301
7217
1237
5683
1340
3301
6674
3277
8931
7470
4911
186
2711
166
4427
7391
1915
9149
929
3081
5097
1653
856
8704
6781
7377
1186
5862
7390
1430
5161
3119
606
1646
1642
1902
3553
621
1845
9050
3193
4393
8926
1710
3920
439
4078
9090
8888
7199
3898
613
3019
5113
7187
3029
7095
4424
3605
1137
8474
7030
4284
5940
743
4991
9021
3743
2777
8148
3617
2311
2672
4321
9246
5179
538
4865
9197
459
4126
1974
5902
1411
3094
7517
905
2817
5312
7074
6085
7312
1972
4437
319
5144
3347
5738
3473
9051
1086
7442
4204
4159
653
4145
6176
5996
7328
5848
4417
1283
8974
8434
1064
3782
1929
1244
804
3749
815
6794
3928
984
5965
2209
1489
4009
1139
1557
6952
1818
5783
6994
1985
1082
6907
7007
7539
6207
4512
8387
7713
1681
8942
799
3372
7429
559
5211
6121
9480
1620
3291
7162
3834
5945
5675
2357
3768
4363
2741
407
3678
4483
1375
598
945
9145
1230
4016
1167
5531
6797
2842
9063
4422
7206
5865
5339
444
3476
1034
741
7239
4426
1342
7203
4297
8592
2434
7282
7167
2766
2597
183
7135
4516
1850
300
4883
9093
8625
380
3253
18
3909
6118
9520
4303
5827
1554
1241
3652
2774
3050
3788
6556
492
3067
3713
6184
2907
352
907
7191
4957
3676
3083
1655
4833
62
1271
4672
666
7273
5817
4711
6051
3168
358
2790
681
6793
3941
7196
4244
3591
6806
3294
9247
3487
52
5826
4937
3034
1700
5454
6618
902
7469
3159
6891
6070
317
753
3770
9033
1695
8697
3471
4382
3380
4501
4328
7934
1532
634
6713
6262
1050
1063
3356
683
3801
4405
8829
2949
3353
9255
7161
1159
2988
2082
2884
3986
3653
3035
2922
3346
3266
4033
1856
2791
3299
2901
1968
1565
5790
7289
3557
2843
3068
3983
786
493
3124
3339
4419
5460
6630
751
5041
3274
5116
5800
4121
138
1072
6811
2374
3784
1747
1935
1087
1179
6662
8615
3369
3367
2405
8227
2452
1161
9403
7219
2793
7747
2752
4508
1528
1202
4476
6920
7584
2997
8511
4486
3968
4497
6951
2887
986
6885
3033
4898
2007
2945
4017
3289
7367
7029
3588
6180
32
5136
8449
1484
3265
4240
4587
6169
6867
4383
2208
4351
3699
9175
1176
8094
176
3747
3076
3452
2196
5629
4099
956
218
4536
1459
5655
1572
7021
4663
3069
1932
1324
1378
7481
288
6772
3521
5845
4707
4096
6978
8457
257
5539
3995
7385
6918
1545
2273
5962
6042
7347
4080
7248
7243
3161
3602
807
7537
2888
3054
3417
1203
1382
8635
7411
8978
6256
5900
8957
7664
5946
3791
333
4324
1213
3039
3016
7360
1530
729
3264
8119
480
3355
7691
5585
5980
4
2990
2845
4378
4295
6789
7128
4278
438
3674
1304
3997
4925
7520
3804
3196
7917
8435
7036
4150
6161
8446
3640
3680
6355
8886
1258
4011
1191
1817
7292
4053
7508
7873
446
1649
419
3475
3754
8903
4155
1307
5182
3182
8734
7043
7479
2067
9163
4590
1216
3003
3643
1055
762
8064
5785
6913
927
3564
7341
8912
3746
9215
4215
1735
7446
5801
5100
3386
5696
1821
3337
6968
3733
1110
5025
2521
7337
460
4203
935
2012
7212
3586
1797
5396
4242
8969
3647
6812
2795
8447
422
203
3766
3336
3626
8893
2563
9434
1197
356
7316
9346
822
2187
5960
4468
715
877
4680
7918
3669
1878
3913
6788
3906
5658
4740
3907
8456
282
4163
9056
5750
8037
1123
8902
982
5924
8414
9065
9104
4224
1420
2831
379
6058
7188
5761
4594
1424
6277
3862
8999
1931
7005
5631
3145
334
4368
812
2503
7047
8705
2157
7353
4969
5904
1873
5762
4484
546
3457
8900
1882
874
274
9070
3847
1992
5074
7766
8848
5059
1904
2444
3628
925
3505
5893
4805
1196
4093
4453
2827
2932
7497
1984
6871
3449
4210
7487
4326
3013
4237
4706
3780
4035
8352
5317
1575
1042
9485
5551
3677
1706
528
5063
3939
4198
3547
1116
3237
3816
4569
7094
4084
5910
3757
7573
9440
2753
1024
3096
4103
9120
7399
2893
3401
3171
4151
6420
4257
5821
1763
1049
7315
2423
9098
3800
9501
4113
9004
2919
4804
5435
5851
7275
9029
4175
3125
9112
3893
814
8478
1826
2813
730
3609
5054
731
376
1030
5302